ind,years,days,no_individuals,no_births,no_deaths,no_immigrants
0,0,0,10003,238,238,0
1,1,365,10003,232,232,0
2,2,730,10003,238,238,0
3,3,1095,10003,197,197,0
4,4,1460,10003,249,249,0
5,5,1825,10003,210,210,0
6,6,2190,10003,218,218,0
7,7,2555,10003,211,211,0
8,8,2920,10003,192,192,0
9,9,3285,10003,187,187,0
10,10,3650,10003,189,189,0
11,11,4015,10003,180,180,0
12,12,4380,10003,161,161,0
13,13,4745,10003,163,163,0
14,14,5110,10003,192,192,0
15,15,5475,10003,167,167,0
16,16,5840,10003,157,157,0
17,17,6205,10003,151,151,0
18,18,6570,10003,141,141,0
19,19,6935,10003,129,129,0
20,20,7300,10003,133,133,0
21,21,7665,10003,135,135,0
22,22,8030,10003,146,146,0
23,23,8395,10003,115,115,0
24,24,8760,10003,136,136,0
25,25,9125,10003,135,135,0
26,26,9490,10003,137,137,0
27,27,9855,10003,110,110,0
28,28,10220,10003,137,137,0
29,29,10585,10003,109,109,0
30,30,10950,10003,112,112,0
31,31,11315,10003,114,114,0
32,32,11680,10003,119,119,0
33,33,12045,10003,106,106,0
34,34,12410,10003,117,117,0
35,35,12775,10003,98,98,0
36,36,13140,10003,114,114,0
37,37,13505,10003,88,88,0
38,38,13870,10003,96,96,0
39,39,14235,10003,105,105,0
40,40,14600,10003,95,95,0
41,41,14965,10003,84,84,0
42,42,15330,10003,103,103,0
43,43,15695,10003,88,88,0
44,44,16060,10003,83,83,0
45,45,16425,10003,88,88,0
46,46,16790,10003,80,80,0
47,47,17155,10003,86,86,0
48,48,17520,10003,72,72,0
49,49,17885,10003,73,73,0
50,50,18250,10003,74,74,0
51,51,18615,10003,64,64,0
52,52,18980,10003,85,85,0
53,53,19345,10003,73,73,0
54,54,19710,10003,98,98,0
55,55,20075,10003,84,84,0
56,56,20440,10003,84,84,0
57,57,20805,10003,91,91,0
58,58,21170,10003,71,71,0
59,59,21535,10003,67,67,0
60,60,21900,10003,85,85,0
61,61,22265,10003,95,95,0
62,62,22630,10003,76,76,0
63,63,22995,10003,108,108,0
64,64,23360,10003,82,82,0
65,65,23725,10003,100,100,0
66,66,24090,10003,109,109,0
67,67,24455,10003,97,97,0
68,68,24820,10003,118,118,0
69,69,25185,10003,124,124,0
70,70,25550,10003,121,121,0
71,71,25915,10003,131,131,0
72,72,26280,10003,100,100,0
73,73,26645,10003,130,130,0
74,74,27010,10003,154,154,0
75,75,27375,10003,134,134,0
76,76,27740,10003,121,121,0
77,77,28105,10003,134,134,0
78,78,28470,10003,127,127,0
79,79,28835,10003,134,134,0
80,80,29200,10003,147,147,0
81,81,29565,10003,146,146,0
82,82,29930,10003,152,152,0
83,83,30295,10003,147,147,0
84,84,30660,10003,158,158,0
85,85,31025,10003,165,165,0
86,86,31390,10003,141,141,0
87,87,31755,10003,171,171,0
88,88,32120,10003,156,156,0
89,89,32485,10003,186,186,0
90,90,32850,10003,155,155,0
91,91,33215,10003,169,169,0
92,92,33580,10003,185,185,0
93,93,33945,10003,170,170,0
94,94,34310,10003,152,152,0
95,95,34675,10003,134,134,0
96,96,35040,10003,162,162,0
97,97,35405,10003,188,188,0
98,98,35770,10003,137,137,0
99,99,36135,10003,162,162,0
100,100,36500,9961,114,156,0
101,101,36865,9915,104,150,0
102,102,37230,9866,108,157,0
103,103,37595,9848,126,144,0
104,104,37960,9823,118,143,0
105,105,38325,9802,142,163,0
106,106,38690,9783,132,151,0
107,107,39055,9768,114,129,0
108,108,39420,9759,138,147,0
109,109,39785,9745,122,136,0
110,110,40150,9770,139,114,0
111,111,40515,9762,123,131,0
112,112,40880,9761,114,115,0
113,113,41245,9791,149,119,0
114,114,41610,9817,150,124,0
115,115,41975,9836,145,126,0
116,116,42340,9853,152,135,0
117,117,42705,9882,147,118,0
118,118,43070,9917,156,121,0
119,119,43435,9951,147,113,0
120,120,43800,9988,136,99,0
121,121,44165,10052,145,81,0
122,122,44530,10106,152,98,0
123,123,44895,10127,118,97,0
124,124,45260,10177,146,96,0
125,125,45625,10232,140,85,0
126,126,45990,10283,136,85,0
127,127,46355,10328,145,100,0
128,128,46720,10353,120,95,0
129,129,47085,10408,130,75,0
130,130,47450,10441,111,78,0
131,131,47815,10489,134,86,0
132,132,48180,10530,137,96,0
133,133,48545,10562,129,97,0
134,134,48910,10604,126,84,0
135,135,49275,10636,120,88,0
136,136,49640,10665,123,94,0
137,137,50005,10685,123,103,0
138,138,50370,10736,135,84,0
139,139,50735,10776,141,101,0
140,140,51100,10825,136,87,0
141,141,51465,10853,134,106,0
142,142,51830,10848,112,117,0
143,143,52195,10858,115,105,0
144,144,52560,10906,139,91,0
145,145,52925,10948,138,96,0
146,146,53290,10975,119,92,0
147,147,53655,10991,110,94,0
148,148,54020,11037,136,90,0
149,149,54385,11077,144,104,0
150,150,54750,11091,130,116,0
151,151,55115,11103,129,117,0
152,152,55480,11108,114,109,0
153,153,55845,11146,149,111,0
154,154,56210,11154,124,116,0
155,155,56575,11134,117,137,0
156,156,56940,11147,136,123,0
157,157,57305,11149,112,110,0
158,158,57670,11136,117,130,0
159,159,58035,11146,136,126,0
160,160,58400,11122,110,134,0
161,161,58765,11099,130,153,0
162,162,59130,11084,121,136,0
163,163,59495,11048,104,140,0
164,164,59860,11028,124,144,0
165,165,60225,10978,113,163,0
166,166,60590,10974,123,127,0
167,167,60955,10922,114,166,0
168,168,61320,10909,114,127,0
169,169,61685,10900,114,123,0
170,170,62050,10856,118,162,0
171,171,62415,10836,122,142,0
172,172,62780,10814,125,147,0
173,173,63145,10764,99,149,0
174,174,63510,10720,117,161,0
175,175,63875,10696,120,144,0
176,176,64240,10659,125,162,0
177,177,64605,10626,111,144,0
178,178,64970,10574,126,178,0
179,179,65335,10510,101,165,0
180,180,65700,10470,104,144,0
181,181,66065,10449,107,128,0
182,182,66430,10449,122,122,0
183,183,66795,10435,126,140,0
184,184,67160,10409,131,157,0
185,185,67525,10385,128,152,0
186,186,67890,10381,130,134,0
187,187,68255,10349,106,138,0
188,188,68620,10328,118,139,0
189,189,68985,10331,133,130,0
190,190,69350,10332,123,122,0
191,191,69715,10314,102,120,0
192,192,70080,10296,116,134,0
193,193,70445,10258,111,149,0
194,194,70810,10216,98,140,0
195,195,71175,10219,121,118,0
196,196,71540,10174,108,153,0
197,197,71905,10151,108,131,0
198,198,72270,10145,130,136,0
199,199,72635,10123,121,143,0
200,200,73000,10097,108,134,0
